time,x,y,z,phi,theta,psi,x_velocity,y_velocity,z_velocity,phi_velocity,theta_velocity,psi_velocity,rotor_speed1,rotor_speed2,rotor_speed3,rotor_speed4
0.06,-1.07583743852e-07,3.35366095261e-07,10.0035990916,0.000302746070735,0.000116124955137,0.0,-9.95018689679e-06,2.8685300933e-05,0.119963891873,0.0135970948427,0.00554985386073,0.0,443.77043209649725,444.22563536065337,441.8183213895576,442.9376723746155
0.12000000000000001,-5.68063264738e-06,1.41881482085e-05,10.0185154703,0.000569659264139,0.00079039131238,0.0,-0.000241309140689,0.000519742249454,0.377198795545,-0.0288984567488,0.0207007369203,0.0,483.34724411713495,484.4874058841924,486.19874288335984,483.0049820930983
0.18,-4.10653281377e-05,5.10600437254e-05,10.0439470452,6.28251782317,0.00162590184985,0.0,-0.0010487378088,0.000563006337546,0.470485878697,-0.00777873690484,-0.00522826993746,0.0,435.9588647928851,433.7872300483726,434.10266362737434,435.87093012719214
0.23999999999999996,-0.000133756136757,7.06949265777e-05,10.0731961766,6.28193262922,0.00176117542461,0.0,-0.00203557655079,4.32906232985e-05,0.504470463257,-0.0140276295443,0.0141058888632,0.0,414.91652644646985,416.6101960464425,415.8471546217596,415.2996100259147
0.3,-0.000298185237388,4.22079336214e-05,10.1078497449,6.28104270221,0.0026287212929,0.0,-0.00353853050094,-0.00108692727254,0.650575818566,-0.0164916205783,0.0151562963006,0.0,451.9271901377785,452.01172336377596,451.29057510345933,451.0917840106165
0.36000000000000004,-0.000557333235199,-6.1483803477e-05,10.1459033056,6.28040069909,0.0037679074025,0.0,-0.005184916241,-0.00243506427824,0.617894363265,-0.00109305193675,0.02571677416,0.0,393.144151052311,394.12128591151617,391.64949000403936,393.0789625407556
0.4200000000000001,-0.000970955524266,-0.000278289156658,10.1905973636,6.27995375513,0.00536843687943,0.0,-0.00879806343246,-0.00481742653316,0.871747739335,-0.0248742514268,0.0285268601667,0.0,484.5795785164852,484.7908335248821,483.5877381334426,481.79341170912943
0.48000000000000015,-0.00162418370014,-0.000644471488942,10.2473070136,6.27869735969,0.00691210643954,0.0,-0.0131535604185,-0.00753686401245,1.01845275511,-0.014048588163,0.0194429183337,0.0,452.7801118058695,452.0489113515587,451.6833589420584,452.5554585068729
0.5400000000000001,-0.00256453085211,-0.0011951751431,10.3119583892,6.27781674703,0.00769739153962,0.0,-0.0182976511335,-0.0109095789341,1.1364816031,-0.015963979662,-0.00433168245352,0.0,445.5418422079247,443.59396516495104,442.8010071439827,442.6435345318303
0.6000000000000002,-0.00382911871987,-0.00197065497275,10.3842844407,6.27681951215,0.00743905930694,0.0,-0.0238263218867,-0.0150440917509,1.27424268657,-0.0179671504529,-0.00425329509763,0.0,449.67402545467,449.68045509506766,450.4584622848419,450.2965517497369
0.6600000000000003,-0.00542274221542,-0.00301867298319,10.4652844911,6.27608209912,0.00699955768777,0.0,-0.029256044662,-0.0199860898403,1.42558194921,-0.00284278581244,-0.014311773745,0.0,454.7336149134226,453.9273488842216,454.0935917936452,455.30521100717874
0.7200000000000003,-0.00733102955448,-0.00437682352729,10.5554611217,6.2760391813,0.0064479655463,0.0,-0.0342763233086,-0.0252955958755,1.58010527063,0.0032324493815,-0.00053715922426,0.0,454.5622671202999,455.66477943326316,456.3840221626203,456.86863717676965
0.7800000000000004,-0.00956105549116,-0.00608535689157,10.6595445891,6.27669956473,0.00612914315284,0.0,-0.0400347214533,-0.0315911342694,1.88888688975,0.0232239454165,-0.0171738042248,0.0,501.69703799023705,500.48783713007214,500.42481588319345,501.87768312279576
0.8400000000000004,-0.0120896274681,-0.0081131296261,10.7764510451,6.27799939317,0.00542648457863,0.0,-0.0441609320885,-0.0358587762726,2.00779505212,0.0183455321593,-0.00256416298639,0.0,446.53216903716685,447.7224250570194,445.71378602629795,445.3149423843446
0.9000000000000005,-0.0148371139704,-0.0103550719003,10.8973885003,6.27882581622,0.00512254708818,0.0,-0.0474018467038,-0.0387844367768,2.02342639633,0.00255167438827,-0.0106079592365,0.0,414.2293585380568,413.5215103885456,413.4765414990518,412.0827551474292
0.9600000000000005,-0.0177830874944,-0.0127698674431,11.0213645123,6.27869847889,0.00496344781775,0.0,-0.0507602929579,-0.0417046371215,2.10895353159,-0.0136614019801,0.00979324648285,0.0,435.49333671246114,437.1964202823875,436.9083864860253,435.5546508064743
1.0200000000000005,-0.0209317024153,-0.0153660513036,11.1505423827,6.27816144793,0.00519493360337,0.0,-0.0542377201116,-0.0449006836864,2.19681001363,-0.00088828314071,-0.0119543053466,0.0,438.3220811926155,436.51106166299485,436.78606232755703,437.8500691763028
1.0800000000000005,-0.0242967005322,-0.0181685938823,11.2865500101,6.27910011116,0.00449039624337,0.0,-0.0578509029343,-0.0484555691866,2.33650335963,0.0368446687075,-0.0113215978554,0.0,453.82592304204445,453.876829213301,452.46616919301727,455.4936659877321
1.1400000000000006,-0.0278510981771,-0.0211459448833,11.4281394074,6.2814331494,0.00337909040822,0.0,-0.0605507179889,-0.0505752327869,2.38304853014,0.042678012888,-0.039570141698,0.0,426.3677107365861,423.94741302909904,424.58034183230944,425.0813253761504
1.2000000000000006,-0.0315448387756,-0.0242069003541,11.5740270932,0.000496954088391,0.00114747842204,0.0,-0.0623402045795,-0.0512095611795,2.47967108768,0.0242824676199,-0.0328209894674,0.0,441.93132903335396,442.4866056850322,441.1571311469274,439.63626426009137
1.2600000000000007,-0.0353014821405,-0.0272638275207,11.7257166356,0.00194555863846,6.28199854152,0.0,-0.0626670734639,-0.0505407795752,2.57643435938,0.0238638664123,-0.0552634180887,0.0,442.4471843057418,440.5947682263437,442.0709616615394,442.03654626276654
1.3200000000000007,-0.0390281334447,-0.0302548143297,11.8812416352,0.00382284021239,6.2785486117,0.0,-0.061244761597,-0.0490042738522,2.60766115082,0.0430624779373,-0.0623909904715,0.0,422.2049939738022,421.5871074856363,419.4527295244692,421.11707551313197
1.3800000000000008,-0.0425707564722,-0.0330874612005,12.0448794167,0.00701296873965,6.27487064826,0.0,-0.0563914858639,-0.045059870583,2.84636585954,0.0681363136165,-0.0592018962211,0.0,485.6159466497614,485.85276121574543,483.43817924293927,485.32525173590324
1.4400000000000008,-0.0457745316779,-0.0356354561125,12.2180523103,0.0111021068804,6.2710991451,0.0,-0.0500418714084,-0.0394705018068,2.92585832314,0.0681842443496,-0.0714093776653,0.0,438.68922178374055,437.6714035272999,438.14252965930103,438.15008549208306
1.5000000000000009,-0.0485030660391,-0.0377515344323,12.3972332366,0.0149993748259,6.26654585375,0.0,-0.0404514244701,-0.0306488757211,3.04651559172,0.0575572122923,-0.0868184224054,0.0,452.6093773570356,451.36297262454923,451.4615298395012,450.6062685493466
1.560000000000001,-0.0505501251244,-0.0392522117598,12.5839788966,0.0188514648497,6.26150501261,0.0,-0.0272443749996,-0.0189873346886,3.17796879759,0.0749606267673,-0.0789275461146,0.0,456.04335653385124,456.6676178524321,453.97511329841063,455.3722681728701
1.620000000000001,-0.0517135531191,-0.0399802376477,12.777897084,0.0229224326737,6.25668949811,0.0,-0.0110511108866,-0.00483809425551,3.28564800287,0.0472262949033,-0.0830613184198,0.0,448.91121402166954,448.5705212019923,450.30988253599446,448.06393214417363
1.680000000000001,-0.0518041406034,-0.0397807567765,12.9782615445,0.0260224735354,6.25131060101,0.0,0.00855158182693,0.0117868383442,3.39283329812,0.0593264168132,-0.107988107275,0.0,449.6557269079093,447.62479285400536,449.85543749542023,450.83585267381426
1.740000000000001,-0.0506591326993,-0.0385632203677,13.1832914464,0.0299215494108,6.24524324712,0.0,0.0302001182672,0.0291470646532,3.44132182674,0.0744021329275,-0.0900751946588,0.0,430.76562634997504,432.26842925175004,431.0665196482493,432.34183438365255
1.8000000000000012,-0.0479861996399,-0.0361333373877,13.3942076791,0.0354344477424,6.23973271684,0.0,0.0594748852888,0.0523920820116,3.58872564126,0.113852925101,-0.0956306348151,0.0,462.94232431136976,462.4982191267478,461.51434483300443,464.6239306541135
1.8600000000000012,-0.0435651475399,-0.0322872799638,13.6110131824,0.0423106663678,6.23422667004,0.0,0.0884172373135,0.0764504778691,3.6379175876,0.116063006349,-0.0849898066658,0.0,432.9410195815968,433.82806235821766,433.1287854241408,433.3267104576204
1.9200000000000013,-0.0371406374107,-0.0267221704172,13.8340406555,0.048712526572,6.22954257018,0.0,0.126245814312,0.109786449628,3.79575453402,0.071273646485,-0.0669458824643,0.0,467.0232902441852,468.4239535436942,469.0261470464332,465.54293448511766
1.9800000000000013,-0.0284571640926,-0.0191269773246,14.0644715917,0.0532842468133,6.22529038173,0.0,0.163600986255,0.143816088068,3.8849236168,0.084562054122,-0.080170238374,0.0,448.3164301743952,447.2366740308256,447.0333636215904,448.1194114021854
2.0400000000000014,-0.0171878208343,-0.009159749929,14.3045673943,0.058432768917,6.22033117519,0.0,0.212589622001,0.188999864718,4.11738044576,0.0881906663719,-0.0881466498926,0.0,491.6013037868165,491.0050088340831,490.9408361271316,491.2153022158418
2.1000000000000014,-0.00290910961083,0.00359538636775,14.5577422944,0.0638980288773,6.21488758721,0.0,0.263948386836,0.236754922426,4.32094065161,0.0963262455933,-0.0964577819679,0.0,484.13144733483824,483.49945447358726,485.16452383521744,485.7811755622535
2.1600000000000015,0.0141515088124,0.0189445315524,14.8169219679,0.0697785460317,6.20949887667,0.0,0.305222366787,0.275386858753,4.31830519101,0.101174920897,-0.0790527528523,0.0,422.44244739752025,423.9334215291776,421.75211534058036,422.1795162296938
2.2200000000000015,0.0341593786479,0.037074663706,15.0809882883,0.0759034974412,6.20465402243,0.0,0.362193129716,0.329581442948,4.48315766452,0.103837221883,-0.084370669385,0.0,476.63058624306234,476.2191615205885,473.8711604472638,474.0841037955028
2.2800000000000016,0.0574341265814,0.0583411592551,15.3516397286,0.0820143375338,6.19955252195,0.0,0.41409771191,0.379868106886,4.53822430383,0.0975405801328,-0.0863659779331,0.0,443.4129139912154,443.24299128723834,443.15159153029106,442.64266531713275
2.3400000000000016,0.0841470331772,0.0829612773398,15.6282246607,0.0877006791128,6.19478094479,0.0,0.476817536408,0.441372538568,4.68056344241,0.0885697462961,-0.0685109576689,0.0,470.34326688660263,471.7193732398596,470.75695727026806,470.06927802868495
2.4000000000000017,0.114149839952,0.110824409401,15.9069301805,0.0928965521846,6.1905724598,0.0,0.523617991061,0.48782142244,4.60980649607,0.0823328445101,-0.0736178368873,0.0,403.66416810702475,403.1986737296601,403.82718124074864,403.27112540265335
2.4600000000000017,0.147550462503,0.14207833963,16.1869572753,0.0976301847739,6.18717773824,0.0,0.590081146034,0.554427578029,4.72382960469,0.0709386262048,-0.0349633088475,0.0,462.2371359169232,465.27111402100024,463.26370029197915,462.37146806389507
2.520000000000002,0.184924130386,0.177345101321,16.4729990748,0.102012082176,6.18498978623,0.0,0.655879728628,0.621518531617,4.81041745479,0.076917514026,-0.0396535852336,0.0,455.9678800617995,455.59240665695523,456.13020696633447,456.611463480665
2.580000000000002,0.225976282621,0.216400411389,16.7610639259,0.106400007008,6.18213330893,0.0,0.712738866971,0.680704494362,4.79170814442,0.064223009696,-0.072498954476,0.0,424.43680973865617,421.6061870907401,424.02273947374374,422.93501259377854
2.640000000000002,0.27063354922,0.259223603092,17.0493438616,0.110101467718,6.17789533044,0.0,0.776208092309,0.747053310491,4.81737397066,0.05607643417,-0.0671420709135,0.0,437.3238271136156,437.76594880055706,438.6661572367682,437.99182365561654
2.700000000000002,0.319294994184,0.306217395087,17.3402637993,0.112892175564,6.17404039326,0.0,0.846180998723,0.81967461912,4.8795452571,0.00863563465367,-0.059015641235,0.0,449.58416846741795,450.239213708279,452.232616714715,448.395522095323
2.760000000000002,0.372284730686,0.357669244872,17.6354200092,0.113747097046,6.17108628492,0.0,0.920409282727,0.895398305286,4.95853597576,0.0236067600032,-0.0346338775057,0.0,454.76024264760156,456.7077119563152,456.0753812143459,457.269618660726
2.820000000000002,0.429764971102,0.413665759161,17.9351622542,0.115138864897,6.16915853178,0.0,0.995741920674,0.971232895075,5.03243136157,0.0223620540668,-0.0275401519481,0.0,455.3003460546682,455.8672512907911,455.61255513214473,455.51304688383635
2.880000000000002,0.491398668532,0.473834469985,18.235854161,0.116180846805,6.16729039354,0.0,1.0588607327,1.03449099127,4.99072083625,0.00480768811338,-0.0395213212463,0.0,419.7922787223942,418.75073273409527,419.4964841602201,417.9690723544277
2.940000000000002,0.557386438456,0.538342651793,18.5386010483,0.116347283993,6.16550617107,0.0,1.14086388715,1.11572309169,5.10024126566,-0.00164030572066,-0.0151294691584,0.0,466.14171367599715,468.0438624232629,467.6902745034534,467.1876722347363
3.000000000000002,0.628566588755,0.607961014985,18.8499443028,0.116461163479,6.16435276171,0.0,1.23180172228,1.20476885443,5.27694973555,0.00817267046764,-0.0290183379017,0.0,489.4964319516669,488.46169615000355,487.4949842809447,488.2277489578529
3.0600000000000023,0.704920454397,0.682623766045,19.1693151239,0.116352711322,6.16225409977,0.0,1.3134400708,1.28395642826,5.36819326104,-0.0491444589394,-0.0508735350857,0.0,465.3860867033405,463.67143466033065,467.3231510896028,462.83305627499556
3.1200000000000023,0.785808592228,0.761629904013,19.4908296216,0.113373206464,6.15870172495,0.0,1.38309061024,1.34930689056,5.34897089322,-0.0507062877953,-0.0863470540366,0.0,431.9897870282814,428.98444384343605,431.3236190940557,431.19004811437355
3.1800000000000024,0.870965254749,0.844521699651,19.811378868,0.11027934204,6.15347393777,0.0,1.45589604538,1.41345765491,5.33595835098,-0.0533377046183,-0.0887419539623,0.0,431.9584883704991,431.74991338013234,434.0948565548793,433.87216521983476
3.2400000000000024,0.961404113197,0.931889415839,20.1373825794,0.107100383978,6.14784635806,0.0,1.55921431385,1.49827805979,5.52973984646,-0.0522820417173,-0.106520148943,0.0,496.35377037411536,495.04051687591675,496.93979813398175,497.01567404687154
3.3000000000000025,1.0577557445,1.02394088341,20.4719626356,0.10509024431,6.14223200809,0.0,1.6530136772,1.56976146085,5.62230120869,-0.0104985374548,-0.0756395928741,0.0,467.27935139851274,469.6734689534671,467.2385295603191,470.48457879107536
3.3600000000000025,1.1595227241,1.12000695524,20.8098635986,0.10449088432,6.1373868496,0.0,1.73959277573,1.63233263617,5.6408087805,-0.00898988582314,-0.0936846589857,0.0,448.2753696703068,446.80095009639047,446.2741641203644,446.397439214007
3.4200000000000026,1.26633500906,1.21964224185,21.1472623027,0.103749102626,6.13164535944,0.0,1.82127611277,1.68876485948,5.60581957298,-0.020146388505,-0.100038376815,0.0,429.95398543581354,429.4070563826596,431.03281038068167,430.0888365041042
3.4800000000000026,1.37819013225,1.32267562823,21.4828674307,0.103050227914,6.12608567229,0.0,1.90769130829,1.74556943053,5.58096361076,0.00145883408726,-0.0809526050284,0.0,433.79803995402847,435.39043449078554,431.421330949374,433.24217687235415
3.5400000000000027,1.49541445491,1.42916547496,21.8175809247,0.103420948577,6.12173475024,0.0,2.00014058494,1.8040692161,5.57598985833,0.0142543533018,-0.059488278616,0.0,439.02887918033275,440.80223955845935,439.7323466632633,440.79116859560645
3.6000000000000028,1.6175596895,1.53872908756,22.1477677728,0.104150989968,6.11818859526,0.0,2.07167401961,1.84813799298,5.43082431882,0.00762749122216,-0.0583424682573,0.0,392.10091879501437,392.2044237479565,392.7737522350565,392.1584255255555
3.660000000000003,1.74473823955,1.65137572398,22.4734052044,0.105037107949,6.11453046986,0.0,2.16787002654,1.90676667782,5.4236084532,0.0261817215872,-0.0668173041497,0.0,438.8538604088364,438.14697283095325,437.67559733941505,439.21733793550897
3.720000000000003,1.87835646401,1.76792721889,22.8021449691,0.106840384736,6.10994282305,0.0,2.28633761524,1.97834818989,5.53357738601,0.0368506617616,-0.115378799312,0.0,477.5021389881113,473.7771205831153,474.97767374509124,475.7955492955454
3.780000000000003,2.01836245045,1.88830757911,23.1328245266,0.10946164067,6.10251095596,0.0,2.3810805987,2.03449633548,5.48900832946,0.0547023409515,-0.151964566993,0.0,429.1069038122182,425.97339828217275,428.3278817997454,429.844817802549
3.840000000000003,2.16565510782,2.01297581103,23.4687748436,0.112367955674,6.09314574835,0.0,2.52949903963,2.12128512183,5.70770482416,0.0313852254475,-0.165948862711,0.0,509.90052134117053,508.88052408228043,509.80371132010885,508.1356920857083
3.900000000000003,2.32076174615,2.14214221357,23.8110549018,0.114442898096,6.08296125917,0.0,2.64152888658,2.18436034809,5.70124440489,0.0403114326658,-0.178661407456,0.0,445.0646627384121,443.99493082844293,444.1868247759191,444.9189001450595
3.960000000000003,2.48254447514,2.27499671804,24.151834217,0.116789852601,6.07221432022,0.0,2.75206860333,2.24426178152,5.65784787504,0.0366114059044,-0.180038554722,0.0,433.9897892377869,433.84231991174664,432.82822422844197,432.51744937643247
4.020000000000002,2.65159984281,2.41172663774,24.4921282677,0.119143995102,6.06204593585,0.0,2.88394031548,2.31350252441,5.68463465825,0.0440250492595,-0.154011877068,0.0,455.0078534677274,457.05983719172497,456.88561904140454,457.4771595324167
4.080000000000001,2.82819689947,2.55235599215,24.8315860999,0.121665313799,6.05280437956,0.0,3.00332571392,2.37429562097,5.63045640288,0.0376817092063,-0.154054039324,0.0,431.9393990480225,431.91268828519685,431.4816061252227,430.94662739519595
4.14,3.01261727969,2.69692945211,25.1699421759,0.124024435846,6.0440089223,0.0,3.14468834812,2.44491827192,5.64747114974,0.0424059011534,-0.134777137988,0.0,453.8424514397505,455.36749718976336,455.8068633759668,456.18506343134584
4.199999999999998,3.20479916431,2.84533368501,25.5057715923,0.127078260491,6.03601765802,0.0,3.2619648134,2.50207249883,5.54693550615,0.0639915390103,-0.130187814267,0.0,416.2375656677907,416.6214651074106,417.3763220504441,419.25822167301595
4.259999999999997,3.40349565272,2.99688964992,25.8330872697,0.131093495812,6.02841521398,0.0,3.36182937276,2.55006921552,5.36413718411,0.0722126736713,-0.120530506914,0.0,386.48769897748775,387.3797928844099,387.31973583381273,388.0964103098311
4.319999999999996,3.60945443976,3.15196406867,26.1539217468,0.1350649378,6.02112349391,0.0,3.50394909636,2.61934516347,5.32999673474,0.0500669749637,-0.123601555821,0.0,438.6886386246938,438.4199258338554,439.8969664192655,438.06206274686065
4.379999999999995,3.82405083395,3.31124638573,26.4726805099,0.137696435456,6.01355217839,0.0,3.6497600377,2.69021211074,5.29495085199,0.0270182865915,-0.131935741994,0.0,439.4415398359989,438.7352048628315,440.3392682266708,438.4290311282672
4.439999999999993,4.04670599659,3.4744096886,26.7864423471,0.13980722597,6.00520776429,0.0,3.77264801732,2.74867300241,5.16398384866,0.0478749655377,-0.15979555124,0.0,408.0869579179714,405.57112156397886,405.56319646181856,407.43331434410254
4.499999999999992,4.2785644861,3.64194008155,27.0982650474,0.143558443306,5.99523510161,0.0,3.95660820372,2.83580815857,5.22901882169,0.0820616888368,-0.183835679258,0.0,473.2081541302764,471.3283527166121,470.72624585209235,473.36722691689823
4.559999999999991,4.52034995197,3.81413566711,27.40962238,0.148670724785,5.98427035876,0.0,4.10365275769,2.90434154744,5.14924100321,0.0908440447838,-0.180653439128,0.0,426.7733354110073,427.0110968052579,426.65009413130736,427.4057029701191
4.6199999999999894,4.77005859139,3.9900022655,27.7127874012,0.154529349761,5.97368387451,0.0,4.22069271404,2.95822815914,4.95661137403,0.108605146312,-0.169134508714,0.0,385.5366426174467,386.5885058514026,386.0777730633981,387.7599576044615
4.679999999999988,5.02881263425,4.17008319502,28.0102346098,0.160654808547,5.96307420161,0.0,4.40507089577,3.04485226869,4.95739845073,0.0840518972157,-0.20025311268,0.0,455.4276808786639,452.90077127473734,455.6928295107123,453.7339458770142
4.739999999999987,5.29712163021,4.35463485094,28.3026803066,0.165619998194,5.95117625464,0.0,4.53934062623,3.10714945272,4.79088255375,0.0800221094687,-0.194658255768,0.0,397.50166333797887,397.9706460064108,397.80862880261077,397.44579786724745
4.799999999999986,5.57585612924,4.54403706289,28.5914419915,0.170927501381,5.93901967473,0.0,4.75251568566,3.20646996124,4.83322182355,0.101483092155,-0.227417786799,0.0,471.6569949278624,469.08040352379146,469.0248406498401,470.69487505056037
4.859999999999984,5.86737273687,4.73937059537,28.8820324786,0.176553350933,5.92557998328,0.0,4.96553359466,3.30491023227,4.85182285884,0.0701706539987,-0.217913785494,0.0,465.2487018166779,465.9450545116502,466.3745321846497,463.92846750441976
4.919999999999983,6.17218658397,4.94081676517,29.1744095713,0.180383552579,5.91341630874,0.0,5.19561883774,3.41002358417,4.89265588959,0.0465112619606,-0.182719196996,0.0,474.0689070602957,476.7274376848553,476.229622856555,474.4186119814964
4.979999999999982,6.48941147912,5.14787240912,29.4651275821,0.182669872039,5.90196404399,0.0,5.37916605858,3.49186439092,4.79750075457,0.0104796550011,-0.216838770573,0.0,434.06551653252905,431.15377566900094,433.8636754458079,430.8276642381465
5.0399999999999805,6.81931948009,5.36052283084,29.7537804843,0.183695115591,5.88888845475,0.0,5.61844543406,3.59621121105,4.82289481019,0.0278018427151,-0.220191465234,0.0,475.06352444639504,474.7626686283624,473.5796890189848,474.91044454876413
